P|Sean Burke|R|5931|949|0.314|16.1|27.3|11.1|35.2|7.2|10.7|31.2|50.2|22.2|2558|437|0.325|16.5|29.2|12.6|33.5|7.0|10.6|31.4|52.3|23.5|3373|512|0.305|15.8|25.9|10.0|36.6|7.3|10.8|31.1|48.4|21.2
P|Gavin Williams|R|9219|1401|0.311|16.4|29.7|13.3|35.4|5.2|10.0|26.5|52.0|17.4|4175|666|0.322|16.4|29.7|13.3|36.6|4.2|8.7|23.4|51.7|17.7|5044|735|0.302|16.3|29.7|13.3|34.4|6.1|11.0|29.2|52.3|17.1
B|CWS@CLE|CWS|Sam Antonacci|58|down|3.8|41.1|17.8|0.065|56.839|0.354|0.361|23.9|39.9|5.5|5.3|343|1828|53.830|35.5|0.125
B|CWS@CLE|CWS|Miguel Vargas|43|up|6.5|45.2|24.7|0.069|49.263|0.345|0.335|35.0|38.1|9.3|8.4|912|5525|64.151|32.5|0.178
B|CWS@CLE|CWS|Munetaka Murakami|45|down|11.5|65.5|20.9|0.070|49.121|0.454|0.335|39.7|31.3|21.6|16.9|194|1751|93.115|36.5|0.287
B|CWS@CLE|CWS|Andrew Benintendi|51|up|6.0|42.9|22.1|0.087|49.458|0.342|0.321|32.0|38.9|8.3|10.0|1851|9469|56.435|22.5|0.153
B|CWS@CLE|CWS|Colson Montgomery|42|up|10.9|63.9|25.2|0.055|44.754|0.427|0.303|35.7|37.2|19.2|17.6|346|2678|83.636|33.5|0.218
B|CWS@CLE|CWS|Kyle Teel|65|up|6.2|48.8|17.6|0.058|52.498|0.416|0.340|33.4|45.3|10.6|12.9|216|1522|56.987|34|0.164
B|CWS@CLE|CWS|Chase Meidroth|45|down|1.5|36.6|13.0|0.061|44.512|0.291|0.287|21.1|33.1|2.7|6.6|610|3466|28.794|28|0.097
B|CWS@CLE|CWS|Tommy Pham|52|flat|2.9|50.7|11.2|0.051|46.352|0.367|0.319|19.7|33.2|7.0|9.4|1316|7933|38.448|15|0.132
B|CWS@CLE|CWS|Tristan Peters|60|up|4.6|46.8|18.7|0.100|47.969|0.323|0.309|28.7|35.0|6.4|11.2|333|1683|40.683|33|0.176
B|CWS@CLE|CWS|Jake Rogers|37|down|4.4|41.7|19.7|0.049|38.649|0.345|0.283|30.1|37.7|8.9|12.8|522|3410|42.602||0.152
B|CWS@CLE|CWS|Randal Grichuk|60|up|4.1|52.2|16.3|0.041|46.965|0.326|0.284|24.2|30.0|8.6|11.8|1052|5397|39.953|25.5|0.169
B|CWS@CLE|CWS|Brenton Doyle|45|down|4.6|40.9|15.1|0.049|37.383|0.349|0.286|26.1|33.6|9.0|14.7|864|4778|34.210|22|0.135
B|CWS@CLE|CWS|Luisangel Acuña|38|down|1.5|34.8|6.7|0.044|29.839|0.265|0.268|14.8|25.2|3.0|11.3|226|1020|5.062|9.9|0.041
B|CWS@CLE|CWS|Braden Montgomery|45|down|2.6|47.4|5.9|0.068|31.229|0.359|0.338|15.5|28.0|4.1|12.9|194|1054|9.651|35.5|0.129
B|CWS@CLE|CLE|Chase DeLauter|50|down|5.4|54.6|17.3|0.050|57.308|0.350|0.368|21.3|35.0|7.8|4.6|316|1597|79.443|26.5|0.202
B|CWS@CLE|CLE|José Ramírez|57|down|5.4|53.3|21.1|0.065|59.898|0.334|0.333|30.5|37.1|8.8|6.5|2228|11996|81.041|25|0.209
B|CWS@CLE|CLE|Nathaniel Lowe|54|down|4.4|50.2|18.7|0.045|53.721|0.386|0.340|24.9|38.0|9.2|8.9|1803|11416|69.441|26|0.179
B|CWS@CLE|CLE|Steven Kwan|48|down|1.4|21.7|19.8|0.053|50.820|0.300|0.328|25.7|41.8|2.2|2.7|1954|9819|36.392|25.5|0.115
B|CWS@CLE|CLE|Jo Adell|64|up|6.9|54.4|18.8|0.068|56.312|0.384|0.313|27.6|33.3|13.2|14.3|1073|6695|88.663|31|0.172
B|CWS@CLE|CLE|Daniel Schneemann|42|up|5.9|45.4|17.3|0.043|43.196|0.357|0.296|28.8|38.2|10.2|13.4|509|3201|70.899|1.8|0.142
B|CWS@CLE|CLE|Travis Bazzana|41|down|5.6|46.0|17.2|0.038|41.734|0.335|0.324|28.6|35.1|6.4|9.7|252|1461|60.134|30|0.213
B|CWS@CLE|CLE|Patrick Bailey|65|up|4.6|45.1|16.3|0.044|49.336|0.362|0.307|27.7|37.7|7.1|11.4|842|4903|53.449|26|0.124
B|CWS@CLE|CLE|Angel Martínez|28|down|4.3|40.3|19.0|0.094|33.474|0.291|0.252|29.8|31.6|6.6|11.1|527|2751|48.795|30.5|0.162
B|CWS@CLE|CLE|David Fry|54|up|5.5|46.2|20.9|0.057|43.129|0.298|0.279|28.0|31.2|7.6|13.1|306|1675|57.248|13|0.166
B|CWS@CLE|CLE|Petey Halpin|45|up|4.2|32.6|21.1|0.064|39.417|0.329|0.314|36.9|43.1|6.7|13.0|122|560|47.777|13.5|0.105
B|CWS@CLE|CLE|Brayan Rocchio|49|up|1.6|36.7|15.9|0.044|37.953|0.291|0.297|25.4|38.1|2.2|9.4|841|4243|20.283|23|0.120
B|CWS@CLE|CLE|Angel Genao|42|down|1.3|57.3|6.7|0.040|34.899|0.290|0.282|12.0|20.0|4.0|7.8|75|372|19.795|11.5|0.067
B|CWS@CLE|CLE|Austin Hedges|39|down|2.2|29.6|20.5|0.043|27.021|0.243|0.233|24.3|31.3|3.3|14.0|660|3699|15.116|12|0.098
